20233330
Alice
20233331 20233332 20233333 20233334
29 36 20 14
8 23 15 19 11
20233331
Bob
20233330 20233335 20233336 20233345 20233349
35 18 5 2
12 8 27 4
20233332
Charlie
20233330 20233331 20233337 20233338
7 39 10
3 17 28 25
20233333
Diana
20233330 20233339 20233340 20233341
21 33 15 5 8
14 29 4
20233334
Ethan
20233330 20233332 20233335
17 24 12 9 38
10 30 7 22
20233335
Fiona
20233331 20233333 20233336 20233337
3 11 27 6
18 2 9 13 20
20233336
George
20233331 20233334 20233338 20233339
2 19 30
5 7 12 23 29
20233337
Hannah
20233332 20233335 20233340 20233341
40 8 31 25
6 11 19 30
20233338
Ian
20233332 20233336 20233342
4 22 15 32
1 13 24 3
20233339
Jane
20233333 20233336 20233343
39 10 18
28 22 14 9
20233340
Karl
20233333 20233337 20233344
23 13 38 2
7 27 5 17
20233341
Laura
20233334 20233337 20233345
28 6 34 7
20 8 25 3
20233342
Michael
20233338 20233339 20233346
36 19 11
12 3 30 17
20233343
Nicole
20233339 20233347 20233348
5 25 21
9 24 15 13
20233344
Oliver
20233340 20233341 20233349
11 26 10 22
18 4 28
20233345
Pamela
20233341 20233342 20233350 20233352 20233333 20233347
24 8 17 33
29 23 1 19
20233346
Quincy
20233342 20233343 20233351
9 35 27
3 21 20 10
20233347
Rachel
20233343 20233344 20233352
32 14 20
26 30 4
20233348
Steve
20233343 20233353 20233354 20233332 20233336 20233345
19 21 28
17 22 5
20233349
Tina
20233344 20233345 20233355
16 7 34
2 11 18
20233350
Ursula
20233345 20233346 20233356
27 12 5 31
6 30 29
20233351
Victor
20233346 20233357 20233358
13 32 3
23 8 19
20233352
Wendy
20233347 20233349 20233359
30 26 18
14 4 17 1
20233353
Xavier
20233348 20233350 20233360 20233345 20233346 20233332
10 9 38
27 7 15
20233354
Yvonne
20233348 20233361 20233362
8 29 25 36
24 18 26
20233355
Zachary
20233349 20233363 20233364 20233348 20233340
12 6 24 14
5 21 28
20233356
Andrew
20233350 20233365 20233366 20233331
31 11 19
20 15 3
20233357
Bianca
20233351 20233367 20233368
6 16 38 27
2 9 23
20233358
Chris
20233351 20233368 20233369
9 28 17
18 14 12
20233359
Daisy
20233352 20233370 20233336
35 13 25
29 6 3
20233360
Elijah
20233353 20233366 20233370
11 34 24
7 5 19
20233361
Faith
20233354 20233355 20233367
2 8 21
13 22 9
20233362
Gareth
20233354 20233368 20233369 20233338
26 3 15 23
30 25 11
20233363
Holly
20233355 20233370 20233359
19 12 20 4
16 14 18
20233364
Isaac
20233355 20233356 20233367
8 27 9 22
3 26 30
20233365
Joy
20233356 20233369 20233370 20233360 20233366 20233340
28 14 23
12 1 17
20233366
Kevin
20233356 20233360 20233345 20233341 20233335
21 31 36 2
15 7 8
20233367
Luna
20233357 20233361 20233364 20233339 20233325
13 5 18 37
25 6 30
20233390
An
20233400 20233396 20233397
10 25 18 38
14 9 27
20233391
Bao
20233391 20233406 20233399
7 32 5 21
28 3 16 29
20233392
Chau
20233392 20233404 20233393
39 4 16
2 13 19 10
20233393
Dung
20233393 20233401 20233394
18 27 6 13
9 30 22
20233394
Em
20233394 20233403 20233405
11 22 33 2
12 8 27
20233395
Phuong
20233395 20233407 20233409
19 26 14 35
10 3 29
20233396
Hung
20233396 20233390 20233394
13 8 24 30
11 15 7
20233397
Ha
20233397 20233400 20233390
14 20 3
28 6 9 26
20233398
Khoi
20233398 20233399 20233404
16 31 10
25 18 1 4
20233399
Thao
20233399 20233403 20233406
28 12 7 15
20 3 24
20233400
Lan
20233400 20233407 20233391
34 27 10
11 7 29 18
20233401
Hieu
20233401 20233409 20233393
25 18 2
12 14 28
20233402
Minh
20233402 20233410 20233394
19 37 14 6
10 29 1 25
20233403
Hanh
20233403 20233411 20233398
9 21 13
3 28 16 7
20233404
Mai
20233404 20233412 20233398
27 12 8 10
25 19 6 18
20233405
Tu
20233405 20233413 20233394
4 26 7 38
12 14 29 1
20233406
Phong
20233406 20233414 20233391
3 15 9 21
19 24 2 18
20233407
Hang
20233407 20233415 20233400
12 4 28 5
10 27 1 22
20233408
Khanh
20233408 20233416 20233399
14 36 16 10
19 2 18 25
20233409
Oanh
20233409 20233401 20233390
27 12 8 10
25 7 29 6
20233410
Quyen
20233410 20233402 20233401
34 21 6 28
18 3 12 1
20233411
Dang
20233411 20233403 20233409
9 15 10 7
14 27 2 16
20233412
Ngan
20233412 20233404 20233411
25 18 4 9
11 29 7 19
20233413
Son
20233413 20233405 20233410
7 27 16 12
18 6 10 3
20233414
Nhi
20233414 20233406 20233412
9 3 28 12
5 21 18 2
20233415
Hoang
20233415 20233407 20233413
19 34 10 2
6 25 18 27
20233416
Trang
20233416 20233408 20233411
14 7 29 18
2 9 16 1
20233417
Nam
20233417 20233418 20233405
21 11 4 28
7 18 3 19
20233418
Ly
20233418 20233417 20233419
12 6 27 10
2 15 14 1
20233419
Vu
20233419 20233418 20233420
8 24 9 3
7 12 18 10
20233420
Yen
20233420 20233419
11 2 27 18
9 10 4 21
