72 231
1 2
1 3
1 4
1 5
2 1
2 6
2 7
2 16
2 20
3 1
3 2
3 8
3 9
4 1
4 10
4 11
4 12
5 1
5 3
5 6
6 2
6 4
6 7
6 8
7 2
7 5
7 9
7 10
8 3
8 6
8 11
8 12
9 3
9 7
9 13
10 4
10 7
10 14
11 4
11 8
11 15
12 5
12 8
12 16
13 9
13 10
13 17
14 10
14 18
14 19
15 11
15 12
15 20
16 4
16 12
16 13
16 18
16 21
16 23
17 13
17 14
17 22
18 14
18 15
18 23
19 3
19 7
19 14
19 16
19 24
19 25
20 15
20 16
20 26
21 16
21 17
21 27
22 17
22 28
22 29
23 18
23 20
23 30
24 3
24 16
24 17
24 19
24 21
24 31
25 19
25 32
25 33
26 11
26 19
26 20
26 34
26 35
27 2
27 21
27 36
27 37
28 22
28 38
29 22
30 7
30 23
31 24
31 37
32 25
32 26
32 38
33 9
33 25
34 26
34 30
35 26
35 27
35 38
36 11
36 27
36 31
36 37
37 6
37 12
37 16
37 27
37 31
38 10
38 28
38 32
38 35
39 45
39 46
39 49
40 40
40 48
40 55
41 41
41 42
41 53
42 42
42 43
42 50
43 43
43 52
43 54
44 44
44 56
44 58
45 39
45 43
45 45
46 39
46 46
46 49
47 47
47 48
47 53
48 48
48 52
48 55
49 40
49 49
49 56
50 42
50 50
50 58
51 43
51 51
51 59
52 47
52 52
52 60
53 47
53 53
53 61
54 43
54 54
54 62
55 40
55 55
55 63
56 49
56 56
56 64
57 48
57 57
57 65
58 39
58 50
58 58
59 50
59 51
59 59
60 52
60 58
60 60
61 53
61 60
61 61
62 54
62 59
62 62
63 55
63 61
63 63
64 56
64 62
64 64
65 57
65 60
65 65
66 54
66 66
66 67
67 66
67 67
67 68
68 67
68 69
69 68
69 69
69 71
70 69
70 71
70 72
71 69
71 70
71 72
72 70
72 71
