20230001
Alice
20230002 20230003
1 1 32 40
2 1 28
20230002
Bob
20230001 20230004
1 2
2 2
20230003
Charlie
20230001 20230005
1 3
2 3
20230004
David
20230002 20230006
1 4
2 4
20230005
Eve
20230003 20230007
1 5
2 5
20230006
Frank
20230004 20230008
1 6
2 6
20230007
Grace
20230005 20230009
1 7
2 7
20230008
Hannah
20230006 20230010
1 8
2 8
20230009
Ivy
20230007 20230011
1 9
2 9
20230010
Jack
20230008 20230012
1 10 4
2 10 27
20230011
Kathy
20230009 20230013
1 11
2 11
20230012
Leo
20230010 20230014
1 12
2 12
20230013
Mona
20230011 20230015
1 13
2 13
20230014
Nina
20230012 20230016
1 14
2 14
20230015
Oscar
20230013 20230017
1 15
2 15
20230016
Paul
20230014 20230018
1 16
2 16
20230017
Quincy
20230015 20230019
1 17 4
2 17 5
20230018
Rachel
20230016 20230020 20230019
1 18 3
2 18 3
20230019
Steve
20230017 20230001 20230020 20230018
1 19
2 19
20230020
Tina
20230018 20230002 20230019 20230021 20230022
1 20
2 20
20230021
Trinh
20230020 20230022 20230024 20230023
1 2 3

20230022
hiep
20230021 20230020 20230024 20230025
1 2 3 42
1 2 3
20230024
hai
20230022 20230021 20230023
1
1
20230023
johncena
20230021
43
30
20230025
nguyen khanh trinh
20230022
44
30
